10 48067
16 70072
15 55117
7 02460
20 55455
9 55117
1 06810
12 11413
17 61614
1 95370
1 04093
12 32793
1 93304
0 60126
7 22903
0 20670
1 95350
3 95825
10 48073
14 55113
16 99353
15 53706
0 90049
7 10023
4 01609
7 23112
11 19130
1 14607
7 33407
7 19143
7 06840
0 19355
3 55421
0 02135
1 02482
3 94123
9 66212
4 02215
4 61820
0 10543
4 15116
8 24502
12 60614
17 98052
16 94110
19 75602
4 94305
4 92107
12 77084
2 98133
10 10562
4 72212
0 96931
1 56723
12 55303
20 60440
19 30350
2 30303
1 55413
1 72118
17 95122
3 98105
4 54902
1 53706
12 55803
18 57706
5 60181
4 53706
1 02143
4 53703
14 95008
0 55122
4 53706
14 94530
10 01748
7 55413
4 15321
1 98029
0 98103
1 49327
0 60640
17 48380
2 94609
4 53140
4 94945
10 54467
14 48360
1 02476
9 85749
13 85749
7 07650
4 44243
17 95825
17 28601
0 98201
16 78028
3 66210
7 33547
10 19390
17 95401
3 33314
19 20871
7 92104
12 00926
12 90277
11 79101
18 63129
12 30316
15 92028
2 90803
15 55416
16 97209
12 37032
2 83712
17 28083
17 55744
17 33314
17 22315
10 77515
11 27106
7 75229
4 94305
9 67208
7 91356
14 01701
9 98117
3 01770
6 37922
11 20164
17 50021
4 06520
17 99709
0 55071
0 66212
4 20006
2 21202
6 78758
20 22203
20 45409
1 55107
13 62035
7 10011
3 64043
17 29401
4 19081
20 10954
4 91360
17 57747
1 29205
7 98144
20 85013
4 48104
10 51537
20 94530
12 07470
7 14519
16 12866
7 28754
0 37922
7 13021
16 98107-2117
4 93117
4 85013
13 94566
16 98502
4 92802
11 10022
0 46970
7 55439
11 07002
17 55441
3 07661
0 45237
16 21203
2 95123
3 55016
1 54016
17 53705
0 02135
12 01603
17 33186
4 03052
1 55407
0 19001
0 14468
5 91767
1 94061
16 79930
0 60076
17 55125
4 04915
1 10977
15 44106
10 29146
12 10458
9 94587
14 10023
12 55108
4 83706
4 84321
2 55117
4 53706
4 53715
7 92123
12 97333
17 20194
12 94115
17 55432
1 90048
10 25801
17 90620
16 53714
4 01609
20 80218
14 92075
13 52761
4 22903
14 95822
4 55113
12 22903
0 94063
1 55116
17 28262
4 14850
7 11215
1 94518
20 90291
15 55455
10 04576
1 43210
3 55455
20 55408
20 37919-4204
7 39652
0 98153
5 55126
6 46835
7 90291
19 94618
17 55113
20 55121
4 53706
16 11576
7 19072
16 66046
4 60625
17 94404
17 72703
14 48126
16 11229
17 55105
12 94112
11 97370
17 49015
0 85310
16 55076
18 55113
7 55436
1 60615
19 98126
20 75801
1 68503
7 22304
0 20755
7 55116
11 75229
12 55001
12 29708
2 55408
14 55414
4 48202
0 80302
4 55427
4 55455
0 48162
16 01982
1 98126
18 60482
14 91214
7 19118
0 94117
17 94401
0 10003
12 91910
0 94109
1 54601
13 94706
12 97119
0 11801
20 94591
12 55110
7 19406
1 55337-4056
9 43147
0 80203
5 89432
2 97211
4 19010
12 97370
7 78664
4 61820
4 04901
7 20006
0 55414
0 55414
0 53051
16 90027
2 10025
4 16801
4 31207
4 31201
2 22207
4 02138
9 46911
1 55105
13 90740
7 38555
13 55104
6 33436
6 99516
4 55128
17 55117
12 53716
17 55106
3 55112
11 25302
18 55448
12 80401
7 02115
7 92065
7 55902
1 55109
2 55410
2 55113
18 55434
0 98765
19 80205
7 55116
7 80207
3 28001
13 92119
12 55076
3 55127
14 75034
12 94114
0 55110
1 55305
7 55110
10 08035
20 08035
4 55105
4 60115
7 92625
1 55117
3 55107
20 55101
0 98103
1 20815
17 55128
17 28208
14 94115
20 55407
10 55419
1 46815
4 02138
15 55126
12 55421
0 90293
1 55110
17 22304
4 02141
4 72227
2 55347
14 55346
2 55106
1 80026
17 55418
0 55105
1 54822
2 92024
17 89015
20 66205
7 78757
11 55075
6 68131
0 55408
7 55111
0 10021
6 68128
4 55405
11 22122
7 20037
17 55402
0 55013
5 55104
1 56187
17 22124
17 55454
6 55128
3 55422
0 55129
11 55427
4 02138
4 10128
1 13077
20 55105
17 89503
11 02143
12 55122
1 55417
1 43214
15 55117
11 55409
0 55317
0 55406
14 55076
0 50613
3 54016
3 55422
1 55406
3 55125
17 55104
4 55455
17 55112
12 55303
4 55455
12 55104
4 55455
0 54901
10 55306
10 55303
16 55306
6 55115
3 98155
7 55125
4 43023
17 55030
11 53705
14 55129
1 32940
1 55127
1 55105
3 55421
0 55108
12 55117
0 55042
11 55105
17 80123
7 85037
1 24523
13 54720
17 55117
4 55102
20 55092
2 55113
0 55105
4 54703
16 55405-2546
4 55105
18 55313
7 55075
16 55416
7 55105
4 55455
19 94523
5 55405
3 55075
10 55082
6 55122
10 55068
7 08904
0 55418
4 55112
17 92126
2 55421
0 55127
14 55410
16 55113
12 55042
4 55422
7 55115
14 55305
12 55105
10 55104
7 55042
0 91367
17 55082
12 55107
4 55455
10 55345
4 56043
12 55112
7 55016
0 17870
10 55421
4 55455
17 55412
17 55113
1 55108
2 55105
2 55372
6 55126
11 73120
2 17003
17 37815
16 55103-1006
0 55405
12 55418
2 55125
12 55109
4 15232
0 55379
0 55119
2 55113
1 55406
14 55033
14 55408
12 75240
14 55038
20 55104
7 55105
12 55124
7 55105
0 91320
6 19027
17 94806
2 11201
17 83843
12 92009
2 10019
14 22206
7 94301
12 27514
15 55902
6 95370
20 01267
14 07704
16 95407
2 55103
1 15213
4 5849574
4 78705
5 55057
12 94538
17 01890
0 37211
12 76109
16 96860
6 53217
8 21559
20 55116
18 23456
2 94131
12 94086
4 53213
9 37221
1 30030
20 55108
7 60422
15 81335
14 64060
20 48083
4 53703
1 49419
16 45242
17 92122
20 52570-9634
17 19716
4 97339
4 33314
5 95401
4 61801
2 98119
19 90214
12 92130
15 20910
0 02115
17 90064
5 32839
10 08534
14 73543
4 67042
0 48067
0 94403
1 53703
14 53092
20 92649
11 23220
2 90210
6 98032
0 76201
0 92103
1 91711
13 60076
7 10019
1 01950
12 80206
7 95476
6 53711
17 66209
20 06320
6 14612
6 32256
17 32256
4 44425
10 49507
0 43614
4 18011
7 10012
4 77025
0 20715
7 95020
20 10562
1 90024
17 32951
7 94115
7 92117
0 74105
1 94706
0 13210
4 93560
0 92612
17 60555
1 75207
12 44106
4 77005
2 97210
0 20715
10 48154
14 80525
17 28601
17 07649
17 94131
10 49512
17 33785
20 92055
12 97132
6 77584
17 85202
4 47406
0 55116
1 78155
2 23188
20 93704
20 11215
7 08505
12 85224
12 94131
4 80526
17 49445
7 20895
20 12222
13 92660
7 75023
2 92629
16 92106
13 34691
0 10021
0 28134
16 70507
1 13114
4 99163
7 12345
18 74601
2 13317
0 08540
18 98438
3 22042
17 30307
12 30303
4 61761
7 46845
20 10023
17 22042
20 02048
16 55129
2 94122
0 34952
16 29681
12 37013
7 30501
4 27510
4 27514
4 27510
4 27514
4 27514
7 14136
13 13407
0 48103
12 90717
11 96813
0 85207
12 98103
4 76401
1 04240
12 94114
6 97330
4 76401
0 73505
17 14650
4 01002
7 90808
1 44074
8 85712
4 48065
20 78664
7 17740
0 37042
0 92647
20 85207
18 80521
0 95136
7 79912
4 76013
0 53715
4 98188
11 90211
2 90211
0 75070
0 55129
9 97520
12 55106
12 98027
13 90266
11 08904
9 77449
11 94061
6 11598
12 85284
0 10580
3 55410
7 07030
16 30034
7 90078
14 04240
12 07070
19 53711
17 99205
12 55803
14 24551
5 44095
0 54758
2 60660
17 77007
10 90004
19 95019
4 98606
0 60098
18 56303
9 13066
17 97201
3 97401
10 42754
7 38024
0 94002
0 90064
12 97401
7 19518
3 89156
15 94114
7 99945
10 63041
10 02882
20 85296
17 74467
7 95128
12 45241
12 17067
17 02421
4 98499
1 75087
12 89118
6 48108
4 22903
17 56258
3 92627
19 87543
17 32694
0 60156
17 91776
4 95076
1 28223
4 53703
0 11040
19 29307
0 55987
4 77802
0 37601
1 67212
17 45694
7 27511
17 01002
14 37043
20 10543
14 19147
6 98237
7 20175
20 48464
5 98498
12 72032
20 95776
16 22801
4 67217
20 90032
12 37211
0 34990
4 89015
7 85226
17 70508
12 98006
0 94043
6 37930
4 70002
4 92612
4 37130
0 92108
4 41076
4 60107
7 60611
7 78759
2 14456
1 07666
0 92078
12 94530
1 39532
1 80210
2 55409
4 70817
19 53711
7 60657
0 20874
2 19464
7 46825
12 78640
0 94952
11 10023
7 08540
17 92661
0 98103
3 02828
14 92119
0 55102
7 49321
0 92121
0 20009
5 80209
7 80228
15 94121
3 75006
0 60640
4 75287
5 92105
17 55447
16 44092
2 72701
6 02453
17 11701
14 10013
12 10128
0 78237
7 37027
7 10019
7 62522
0 97205
1 91711
10 08820
12 95814
17 01702-7224
20 92026
1 02144
10 76013
1 20815
6 19027
15 26105
10 94707
4 43202
0 90631
2 01720
16 92018
17 94114
14 76401
2 01720
14 92673
10 49454
0 48105
0 14830
16 55345
10 08820
20 10024
4 92153
1 80202
0 76031
6 85016
4 31602
1 34683
15 94015
6 92130
7 77005
1 30605
13 90066
0 92027
0 45432
13 75165
20 92308
12 28655
10 71106
6 92117
1 92103
7 92831
0 98226
0 98226
2 91324
0 20744-6223
9 30338
7 72762
1 92084
6 92117
1 91901
1 92056
4 92173
17 92084
16 48009
7 37212
17 98642
3 48073
10 07869
20 91105
16 98199
15 53706
5 98380
1 06032
6 97838
1 49419
7 97401
14 60538
4 34567
15 60513
1 01060
20 20110-5616
10 76240
20 45387
6 85716
12 08033
0 91505
7 49345
7 48103-8929
0 21015
12 43056
17 96753
7 21044
2 10009
16 97478
20 97030
0 21030
7 94941
1 55104
1 29706
2 48116
11 44622
10 45244
10 10016
1 80020
0 48197
7 94123
7 10954
2 92262
0 43615
12 94530
11 19103
0 27615
12 43615
1 02138
1 80026
19 94930
0 98136
14 89113
2 80110
0 19116
10 48073
6 92014
20 02141
9 92064
16 99224
16 92129
4 32608
0 19004
17 48098
11 48823
0 20706
6 10004
9 48103
3 02780
0 45678
2 92109
4 96803
17 98102
19 15748
20 10019
15 62558
6 90027
4 90210
11 07043
2 19320
3 95136
11 08003
4 53220
12 01960
3 77064
7 48315
0 10310
8 92115
1 30004
13 02576
17 03054
3 11220
16 60044
0 30906
4 95616
1 60640
20 93455
0 94559
3 00918
13 92675
1 74135
16 34677
0 19130
4 77005
7 03848
0 20015
7 97303
16 19803
16 19425
5 60076
1 82601
2 15956
7 28036
7 02081
15 20194
1 02346
11 76309
2 94306
5 92801
11 87004
20 72701
10 77477
18 53404-1230
0 62225
6 75225
14 95002
1 97302
0 60513
2 75214
0 18360
10 75040
0 91505
0 48133
17 73069
1 97321
0 97213
10 11235
0 46060
19 59457
7 50265
7 91344
0 94402
12 02151
12 94402
4 77581
20 98105
2 20036
16 13045
7 07601
6 72211
17 48073
6 60660
3 27606
3 60660
9 95661
7 98115
7 08854
4 68144-2410
7 48170
0 27705
19 03226
7 34695
4 98225
16 08826
10 98103
6 37853
7 94105
5 345567
4 49525
14 60504
0 92626
6 08753
10 80439
17 92109
7 94945
17 77059
0 60090
1 06417
1 55408
7 60605
11 10023
6 48105
4 90241
1 02324
1 93003
10 45904
6 77005
16 44319
6 19104
4 97215
9 75801
1 60551
15 92121
14 10017
13 02718
1 90504
4 95616
7 78701
14 02632
0 91789
2 60156
4 53715
16 13031
0 11788
1 72701
17 22309
7 60012
13 12570
12 98225
2 90038
20 19114
13 98201
7 90274
4 13165
12 12047
1 93420-2852
2 73069
3 84770
1 43623
7 94024
7 94025
3 92103
16 80260
20 98101
17 92618
12 98103
20 75226
15 46805
4 30328
10 33024
10 53545
12 90278
2 33334
7 30253
1 98026
0 48314
14 07017
0 10025
0 97213
10 70448
19 90020
12 45014
6 94030
1 55126
0 94109
20 94402
3 10023
12 94114
0 61801
7 10019
16 91780
2 90020
1 44256
17 01453
0 48186
1 91030
20 95503
7 20716
10 91326
19 94598
4 92354
1 97374
19 98502
0 90210
7 72212
0 85712
0 98031
0 98117
16 98103
12 90712
1 95617
10 13907
14 22203
1 44077
10 49544
13 77459
0 97222
4 84112-2004
12 97006
1 06417
7 95076
0 46814
7 33764
0 43617
0 12590
7 94127
17 27519
4 10027
1 60089
0 91505
13 94558
17 23602
2 90292
12 94118
15 13207
7 12206
10 48073
0 19134
0 52162
2 60102
13 02125
7 61081
20 07087
1 90027
1 94720
4 48219
11 95125
12 60515
4 43235
20 94519
4 91006
7 94043
1 48316
4 32720
20 11215
20 50111
14 02144
10 11803
0 10014
15 92627
4 22030
17 80461
4 98225
0 92649
20 94598
2 94587
0 10573
7 48188
13 94134
20 76205
1 02144
17 94110
20 10002
14 84101
7 20879
7 2020010
17 28262
4 40205
4 22903
10 81301
1 53711
20 49321
4 18104
15 12203
2 10028
13 01234
6 12230
6 54401
20 49506
2 19123
7 37343
17 39567
17 94041
0 06360
4 98312
1 98502
10 97801
19 97209
1 98541
1 94607
16 33334
4 98125
17 92630
7 94611
19 92867
6 78750
0 91504
0 10011
7 94904
5 60074
20 11217
6 90036
0 75244
7 92109
6 33615
14 02038
10 97201
2 10475
4 85282
19 94111
14 97203
20 94121
3 64068
13 75703
10 75082
14 76051
0 92866
10 90274
14 60153
4 43214
4 68154
7 75214
2 50310
7 98028
16 94014
3 98626
4 22030
14 34639
0 94043
2 11218
16 07030
1 75230
0 98115
10 12159
14 60657
14 60194
1 95117
0 12065
7 02840
17 06460
7 10805
0 14228
20 95051
17 97146
0 94108
18 85275
7 14302
7 11434
0 94560
14 91324
9 43420
2 75070
20 27607
1 11375
10 04240
7 13088
0 90278
17 98034
20 94122
10 95926
2 94040
20 04240
4 91706
0 34116
17 49508
1 10918
20 14895
0 97401
12 75069
7 01915
2 97214
10 61665
10 89509
12 53707
3 50266
5 12308
2 92821
2 60657
10 95123
1 55104
1 91403
5 95136
1 32750
16 65270
7 21044
13 93448
10 58078
11 89170
1 92100
7 19806
10 98058
5 90262
0 07026
13 94702
20 87107
17 19801
16 99352
15 20723
3 90006
4 06430
3 94117
2 07026
12 94530
7 55901
16 94904
17 10804
7 92130
1 94578
4 90601
0 53713
16 91360
13 33445
4 91911
15 53704
0 90046
4 97215
7 94404
1 08107
17 94089
3 98122
4 85035
14 22901
14 98101
16 10472
4 48197
1 95336
4 01375
10 53704
17 55934
4 08540
0 28209
10 08872
14 94070
12 21401
11 40204
3 11229
4 97215
6 91011
1 94549
14 49505
10 495321
14 48103
6 97005
3 89102
2 21222
3 98037
12 94520
16 54729
2 12345
2 98055
4 91106
2 98109
12 10128
4 80521
3 17522
20 17112
4 94704
20 90012
13 90732
14 19444
4 93117
0 92126
2 98074
1 95472
0 08055
0 80027
4 95132
0 94115
16 95405
16 92612-3417
12 75063
16 93003
4 29201
5 97007
14 19147
20 95420
4 94118
17 11106
7 90248
14 06511
4 98115
2 75075
0 91030
1 90601
10 92620
2 94501
20 91367
17 77096
7 94132
4 54481
12 07054
9 80538
16 90638
7 07644
7 94538
2 60201
7 90505
4 06511
12 98102
14 60657
17 38104
0 77341
17 94108
5 80220
4 02139
10 19343
17 98115
11 75801
4 12188
12 92688
19 22030
11 90041
7 08550
17 95476
10 94539
0 11803
1 48067
12 08902
20 11102
16 95003
4 97215
16 48324
12 53154
0 10002
2 95831
4 38120
17 94506
7 08902
20 10025
17 95209
4 06459
16 94706
17 80538
10 78230
15 94903
4 97266
4 53711
17 60462
14 43613
1 71711
12 12184
20 90036
3 83001
20 02446
3 22601
3 02359
0 97214
17 23464-3016
17 12054
11 10549
12 63146
20 20009
4 22903
13 02115
1 53703
6 20901
4 11580
11 20008
20 10021
15 64116
12 17013
0 20008
4 48073
4 10039
6 60611
8 10014
3 85226
4 11214
20 43611
10 87123
1 01096
17 78731
16 77550
12 06511
10 94086
13 07701
17 75093
20 98033
3 02155
0 77479
6 81007
7 94949
9 85202
0 72227-5733
4 22201
0 60201
4 76201
4 10003
0 10705
6 94115
19 45701
20 92315
7 77351
3 30308
11 22043
0 95136
1 95003
7 26501
7 50111
16 78411
20 10013
1 92683-1892
5 48108
12 10002
13 76548
0 92646
7 08234
12 83001
7 10562
0 13326
11 50111
0 28270
3 55405
1 02135
11 75230
9 06830
11 55555
0 03867
17 11354
20 61801
0 90027
7 10022
0 16101
12 44060
0 44139
3 48843
20 48009
4 11423
4 53715
15 07746
0 06810
0 04330
4 10010
17 91505
20 90028
4 10003
17 91355
0 94514
16 94120
7 99701
0 38340
0 97212
19 60612
0 90049
17 95405
17 95405
17 95610
0 95819
13 62002
2 90813
12 90210
9 62225
20 90046
18 98118
14 85202
19 98034
19 94607
12 94520
16 98208
0 94044
0 94114
4 94507
17 94122
0 10022
6 94214
9 99703
2 94577
7 80526
12 94121
4 77845
4 76707
17 87505
14 15241
16 98516
2 95602
17 75006
13 95320
0 98368
17 93933
10 98043-3621
2 95816
6 97116
4 91301
14 97123
17 97070
12 98052
20 95380
4 78705
2 98102
7 98109
3 85226
12 95833
12 94062
3 85013
4 34243
5 98465
16 98029
17 85301
20 97333
12 98684
12 98116
1 97206
7 95765
4 98052
2 97214
19 98102
20 98119
4 97233
10 97303
15 77047
4 98926
4 85033
20 19134
1 95070
0 64106
0 73147
0 94530
4 30134
0 73003
0 47421
17 43212
16 53406
0 43229
6 30307
4 43235
16 60523
4 94720
19 70043
0 72058
17 60103
4 00961
19 67218
2 60160
16 50317
4 11710-1641
7 53715
4 60137
0 91601
4 13655
14 43725
17 94602
20 30605
8 00606
20 46614
16 30034
16 77079
1 96153
7 91107
15 08109
17 77566
12 50325
0 94114
4 33157
0 90638
1 04240
2 10040
5 10128
20 77024
3 96813
6 90803
19 27028
4 77005
1 75149
4 75206
0 33067-1400
16 22112
3 90016
0 72058
14 75230
7 76248
0 75149
4 13655
0 94566
20 75205
16 75067
17 75240
16 79605
17 75044
2 90680
4 07030
17 99003
4 70115
0 45801
20 17022
4 94704
1 78133
1 22181
0 08009
0 23454
4 10027
20 18104
4 04901
1 85721
8 90210
2 19104
10 19116
0 19152
4 19146
2 53523
4 20008
11 20878
17 20724
11 20852
7 52003
11 22204
11 70118
4 70118
6 54729
4 22903
2 50021
7 22314
4 22401
4 22032
17 20742
4 22031
14 12189
13 90210
2 08825
12 48103
6 90035
7 10014
1 30707
9 56007
1 53706
8 02254
12 45249
20 50265
20 43315
0 53713
1 92801
4 43560
7 50310
11 49265
1 07721
4 07030
16 07302
4 12180
4 53190
4 14433
17 07030
5 10990
19 11501
0 10016
2 08817
7 10011
4 07940
12 11217
0 95037
4 53190
12 10014
4 53711
2 10002
12 95051
4 60047
5 10011
7 11747
5 12582
19 59602
12 10036
0 90803
0 92346
4 93004
7 92065
10 92106
4 59715
4 66049
16 94591
16 92129
14 95129
4 90048
7 94306
1 94606
7 94043
7 95008
11 92346
14 95148
13 85248
1 46774
20 92106
7 02127
7 95076
12 94107
12 92024
20 90069
10 92846
4 29732
0 91006
2 95008
16 92352
0 94521
20 93108
17 94611
12 94086
15 92119
12 95124
14 80023
6 94702
1 91335
20 90066
0 90024
7 94602
14 89119
13 92115
2 94530
12 91101
6 02135
12 94109
7 94024
19 93536
0 90401
1 30115
20 94118
5 91311
17 94804
13 95129
4 89146
10 94707
4 92805
4 91325
17 95126
14 95051
13 01938
7 90405
10 92704
6 95209
0 94525
7 80122
12 92780
7 94303
7 90026
6 90630
7 92886
0 95404
7 94806
10 94501
10 91107
15 94550
2 94114
7 94114
19 94703
17 95014
10 90405
0 90026
11 92335
2 91351
2 94930
12 95158
17 94550
5 04901
4 91501
4 93107
20 92866
14 94110
7 94041
10 93111
17 92595
12 49024
4 90630
1 91030
2 94566
16 91402
19 03109
0 44280
4 23185
1 17055
13 53092
7 55555
3 91911
1 60914
9 91941
6 89523
17 48304
20 93637
7 92116
11 85258
3 92116
13 89052
14 80230
17 92111
1 22903
17 12159
4 97361
5 58703
6 02726
10 43357
17 49506
7 06460
1 80303
10 80540
14 92109
10 92130
12 92122
13 91977
17 62629
1 85224
6 02090
7 85257
20 48309
4 85259
17 99508
2 89012
1 85364
0 85621
0 84108
9 24018
3 02113
4 44685
1 48197
13 02136-1522
10 80014
19 53572
4 58601
0 66048
16 80442
3 48220
7 60625
4 81520
3 01545
4 49456
0 60543
4 53233
4 01003
2 20783
17 35808
16 46214
1 27705
7 45011
0 61364
7 60137
4 56001
19 06614
13 03440
16 49277
9 48021
6 44131
12 10011
4 77345
20 60640
14 44614
20 91436
2 01851
0 45212
14 90046
14 02468
1 33301
16 60060
7 02494
20 24015
10 79358
14 37931
0 49408
0 24179
1 91711
10 06437
6 49456
0 13210
3 99504
7 93906
10 46033
11 06416
12 03110
11 49008
4 56301
1 49417
1 06437
0 44130
1 48304
1 44107
4 44646
4 43138
1 01020
6 46807
6 53202
16 06430
12 43528
15 79068
6 13210
7 01605
12 21133
4 13148
4 48197
4 13210
4 13165
0 55112
4 13323
10 45241
11 37931
17 49445
19 48323
4 64920
4 23186
0 06360
14 48328
0 37923-3112
7 60618
17 17601
17 48313
20 48044
1 49006
0 48322
2 60061
13 58504
17 33990
5 48504
20 48067
0 48823
0 24017
16 48309
11 48825
12 03062
15 60035
1 24060
20 495321
1 24060
10 60462
16 13090
11 46802
13 32806
12 23116
6 04456
18 21740
17 01519
4 49546
13 49307
14 02148
4 10036
0 02780
13 02356
12 61614
0 13064
0 12306
3 46033
14 02632
4 12309
1 46737
5 04103
0 03060
0 01701
14 02632
10 01607
10 02780
1 01778
18 13027
10 00681
4 88119
3 33615
14 46804
16 48706
14 46804
4 32607
0 46517
10 32750
2 96002
0 60641
0 81301
0 60089
4 22904
13 33316
4 22807
16 97405
12 68508
10 50246
19 55912
3 45244
12 60618
14 60618
19 46556
2 95521
10 35810
0 87122
0 95826
7 32836
10 99203
6 95833
10 60202
0 95451
16 99114
0 48103
20 60641
13 87502
12 87505
4 99217
19 73505
20 95451
14 85251
0 28304
12 27713-9225
0 45245
4 60443
1 11795
4 45403
17 27502
5 41018
16 60126
19 60641
10 60148
15 27603
4 45231
0 27713
10 41011
17 45233
10 60148
12 45140
1 27515
9 46815
10 60613
1 60016
20 46804
10 11743
12 53718
3 94941
7 10016
7 11201
4 07508
0 10006
7 10011
17 88005-4313
6 01950
4 80521
0 60622
1 46807
0 93940
20 60612
10 44906
17 64153
6 60060
3 95451-9554
17 94931
1 13088
2 60123
12 60025
5 96815
7 27514
14 60016
12 60025
0 61821
1 60302
11 85726
14 60061
3 60187
1 85718
10 46324
10 96782
6 14905
4 32607
10 60148
12 64117
5 60647
4 60115
2 86701
10 60565
10 60007
0 60622
2 60613
12 46755
5 60466
19 60010
14 60626
1 01562
0 46815
5 33317
6 44303
15 59840
4 59715
4 10033
16 70503
20 46835
5 33025
17 48116
6 70508
7 37877
13 60506
2 48118
13 37774
1 46774
0 11217
1 14620
14 13210
0 71731
6 23235
2 31401
7 39211
13 44143
9 13035
17 01536
7 08816
6 74105
11 48104
2 32117
18 44708
20 90024
10 13090
17 82604
0 06082
10 13066
1 52002
0 61021
1 13214
15 13039
3 48130
13 48108
11 72316
6 22923
13 52003
17 77584
10 13090
13 49423
12 02478
12 48104
17 08055
12 94103
20 48104
4 02138
17 02140
16 48103
0 08901
12 48130
4 22902
0 13131
6 48103-4711
1 13210
7 48114
0 13207
9 57108
7 48114
7 48104
1 06043
7 30115
13 48105
3 13088
17 50321
4 27708
4 01040
10 48169
7 13212
15 97367
7 48103
1 48104
14 01545
6 13035
7 01562
17 48197
18 13146
17 49424
17 13152
3 52003
2 48104
1 13210
3 48107
1 01604
12 02139
16 98031
10 48105
1 48116
12 06082
8 50309
4 44312
0 11106
13 41076
9 61270
11 94306
9 13203
16 13207
14 13316
6 06074
13 13685
6 13210
7 49423
14 94110
14 95823
9 13078
7 13203
16 01532
9 49424
13 13057
14 06040
1 13215
7 06082
7 01602
7 94109
14 94404
7 13027
1 13210
0 06108
3 75150
18 13045
4 22903
9 13066
13 59715
14 95125
17 62034
2 01545
0 06040
17 32224
5 06082
16 37922
6 33076
18 13126
3 06040
13 13123
6 37923
7 08021
0 22102
11 43201
0 98122
17 11355
16 95687
4 22901
17 32024
4 37743
7 64055
8 78065
12 01520
16 11358
1 01609
9 06074
7 06071
14 01536
13 01501
7 06118
1 49503
7 22407
7 01531
1 53045
10 06074
0 06096
7 37938
7 44306
9 02865
9 01520
17 95035
14 45243
0 01606
14 94010
17 45255
2 22903
4 22902
4 22903
4 22903
4 22903
4 22901
4 22903
7 22902
4 22923
1 22903
17 48105
17 01430
6 42406
17 36830
0 49464
4 42420
0 48104
7 10038
14 03051
6 37932
13 37922
16 01612
12 37853
7 01545
7 55429
0 97005
7 48197
5 48103
0 60656
7 85040
7 44313
1 36067
4 98117
1 44303
7 33916
4 44106
6 44333
15 94303
10 44224
1 44240
4 90048
18 52001
13 98683
18 37922
12 98105
12 83815
18 98115
12 78703
0 42420
1 37922
1 23454
20 94410
14 03054
3 37772
13 90503
5 31901
14 95746
12 98105
7 55438
2 31804
9 37843
12 94703
7 22904
2 37924
2 90631
4 52003
4 56401
1 37932
14 37922
18 70817
0 36109
1 29672
15 37923
13 49423
17 19360
7 98115
7 55405
14 98225
4 94107
3 77429
5 36109
7 37930
7 15209
14 36109
1 37922
14 37922
12 37914
6 37909
9 53806
7 11793
2 14850
2 95448
17 49424
11 60614
17 49423
9 38558
1 37922
13 37923
15 36109
0 37922
9 95903
0 42420
7 52003
13 37917
3 49423
6 37922
2 03431
13 37830
11 37620
13 37923
7 32444
6 42420
5 49424
13 37922
0 42420
1 52001
13 37830
13 37931
0 37920
6 37919
13 37938
7 37931
12 98133
9 29369
7 29369
1 97405
7 10522
4 02430
19 02452
17 53061
10 53207
6 84318
15 06460
0 98021
13 53132
20 43230
5 34786
17 94022
0 06451
17 31311
0 45248
14 95005
17 20151
14 75005
16 94536
6 06511
7 76248
17 97030
7 77099
7 94107
15 91411
1 12538
11 60611
1 97201
7 19610
1 94563
15 64081-8102
20 46802
7 55124
13 78737
0 19004
4 94044
1 50310
7 80004-4448
16 95816
7 31047
4 15213
7 48152
0 95616
17 20866
12 53154
14 19312
16 27613
12 92104
17 19126
0 45459
7 75013
7 34285
0 48178
1 10025
12 55391
7 48322
3 07719
3 94560
1 92120
7 15205
7 21029
7 02657
15 60081
4 53538
12 95677
4 47306
0 46304
6 27516
1 30345
0 44313
7 61910
1 04056
1 06877
2 11217
11 15237
5 78704
1 14850
0 43528
9 07728
1 15701
0 06403
12 78750
20 44303
14 06405
6 80236
12 78230
6 19428
0 33073
17 99005
15 45215
7 60657
17 18049
11 15116
17 27707
16 80126
7 75080
14 11779
20 84010
7 94109
9 48336
7 66224
13 32837
10 47403
7 60115
14 01060
17 28704
13 19312
17 02021
4 02215
7 52402
11 98443
16 63128
6 08043
4 94110
0 24541
6 94598
12 54220
7 04096
7 77040
4 94110
18 98664
20 78731
7 66204
6 49707
4 02143
12 01864
4 48823
4 43210
7 60188
0 19143
7 02116
0 85283
10 08805
17 54915
12 27511
7 24210
4 06459
4 14620
13 72949
4 90024
11 46033
7 24210
17 87031
2 10028
13 74128
7 30117
1 60115
6 65201
11 52803
13 72764
1 27713
1 27713
13 24060
7 44115
0 60660
17 94303
4 01075
19 33953
7 96811
4 96815
4 96822
4 96825
4 96826
4 96817
12 98100
0 20795
14 19382
7 22043
9 28147
2 27514
7 30071
11 02155
11 60603
12 27614
7 17402
11 48640
7 11050
17 92805
17 94002
4 02912
7 22903
12 80303
3 50311
2 22181
7 92316
17 22181
14 60614
17 36092
14 72601
17 53818
1 30345
14 50265-2850
4 90025
4 85719
12 10025
15 91360
16 28120
15 77006
20 27516
12 60148
7 29631
4 97331
2 10023
8 12436
7 36102
0 01886
6 80917
16 63131
4 48104
7 91403
7 02420
7 55016
0 99163
17 90210
7 20170
1 14260
1 92037
17 10025
2 78766
1 92103
4 90038
14 22205
4 95326
13 94025
7 10040
17 94133
4 45205
4 48858
17 78750
20 20007
13 29928
4 60201
4 60614
1 90049
4 90025
20 85013
7 10023
4 02452
7 70116
2 20036
13 33710
14 92104
7 94043
20 10038
0 55404
4 73070
3 12866
20 10036
7 94022
0 46234
19 06040
10 15208
11 22043
16 60610
7 10016
10 64093
19 94122
17 60607
20 55406
7 02127
17 60477
7 60015
12 53130
12 55106
14 44122
0 02138
20 10036
7 10003
4 02452
4 02111
20 94014
12 10011
17 94063
4 02454
20 10013
7 94506
0 32225
17 20036
15 85003
1 33304
20 60622
12 07974
0 49506
1 95864
17 10003
0 60660
12 98056
17 30145
4 78705
20 87103
4 74074
4 91604
4 10027
0 47401
11 94114
20 94608
7 94107
12 98037
1 444555
4 64151
4 94102
11 22030
0 10469
10 72601
1 95814
17 20009
15 06510
7 55066
2 27705
3 11725
6 21014
7 53717
17 15204
12 94025
17 07650
18 95472
14 98110
20 94014
4 64093
20 20036
2 10013
17 02149
1 80687
20 88005
4 60062
12 55405
12 77019
20 78759
20 30101
3 53222
1 80302
4 60073
3 66205
14 55438
3 55104
7 90069
4 66044
4 84064
1 94025
4 44130
11 07039
14 60073
5 97405
4 02453
14 94133
12 95120
17 78749
12 98007
16 20850
4 16802
17 55407
19 55421
5 12345
2 74403
7 43228
19 75602
4 55455
4 48104
20 98119
4 92614
7 23423
2 98011
0 60201
12 98112
17 88076
2 55116
1 53221
17 52402
12 44256
4 94121
4 23454
2 55118
12 24060
2 90068
2 60614
17 45420
4 16803
12 55346
11 32082
20 91324
0 55126
4 94122
4 48103
0 55345
15 94901
0 02143
12 98033
1 93103
12 95864
4 48104
17 89507
16 92630
0 02138
14 48185
17 98033
0 72761
14 94303
4 06511
20 23225
2 11435
14 92025
12 50265
4 48104
7 91911
17 06074
4 48104
17 91977
3 94109
4 48104
17 07030
4 48103
4 48104
0 94110
0 48104
7 06851
4 48104
4 48104
4 97330
4 48108
4 48105
11 20879
20 86001
4 48104
20 45236
2 45243
7 91766
6 52556
4 54902
4 97850
4 48105
4 97333
4 24060
4 15213
6 92122
12 97330
12 45243
1 48105
4 14853
19 12133
5 95008
15 97333
0 63011
16 45238
1 45241
7 33813
4 55408
4 94704
11 90028
15 94606
4 02138
17 94133
4 45750
0 33174
4 94403
3 55112
12 78759
1 10003
12 78660
17 97124
7 06430
6 62707
12 78759
9 85255
0 45242
12 97330
7 60302
15 78750
17 78730
7 92108
17 14302
0 90004
4 45750
4 85719
10 12701
4 92037
1 48103
4 48135
0 47303
4 02906
1 33143
7 90230
13 14843
2 97333
2 97401
3 33611
8 22046
4 97333
1 49042
2 90069
16 77301
1 90631
4 46311
4 94117
2 02066
0 02421
12 94025
17 94063
12 10036
3 55102
4 44056
3 98501
18 10309
12 55438
12 55123
0 75023
1 92705
2 29440
4 03106
4 03106
17 90026
4 48135
4 61801
0 02148
9 66204
4 97470
4 10708
1 02115
1 55126
0 90028
0 23451
11 06107
17 30024
4 43202
1 02155
1 55410
20 55410
7 77252
6 45459
0 97403
16 01581
4 78703
12 98105
1 90802
4 87110
16 93448
2 90004
0 19107
15 98108
20 89134
0 30030
3 06810
3 38028
5 10021
4 55112
17 20910
6 91423
15 91101
12 34170
20 64112
17 02118
12 98166
0 33142
17 92656
6 22039
11 43201
0 10002
4 56520
12 98133
10 55414
5 65211
17 48323
12 98034
0 83704
0 77025
1 37027
4 55414
2 32118
7 22209
2 90401
12 30337
7 10025
2 32118
0 10003
2 10012
7 21117
7 32835
2 90036
7 98467
4 33720
4 55455
15 12345
4 72801
11 11217
17 46229
13 89128
4 78728
14 81679
20 85719
16 90272
7 85260
4 02138
0 31605
14 49355
20 72837
4 92602
3 92831
0 92870
4 61801
4 73160
4 95616
7 55112
7 07663
12 92880
15 15217
15 15213
17 77521
7 55408
1 08854-3115
15 95616
12 55118
7 60611
4 32607
2 77056
5 94546
0 23518
0 08461
3 10128
12 55408
12 55317
14 10018
16 10014
17 95129
6 94132
5 44313
20 02125
14 07430
12 07436
12 12866
7 60510
18 21214
7 55337
1 92122
12 32935
13 55344
16 90292
17 97062
12 27707
4 02912
0 92019
15 92648
4 80228
4 45219
14 94110
12 94110
0 57106
1 98144
7 35216
4 24060
0 90254
16 80304
16 80304
20 44089
7 60610
14 30342
0 21555
0 02115
16 20015
17 11215
1 83705
7 10019
13 55447
1 54481
0 92630
6 48070
4 54302
7 54016
0 19106
7 10583
20 10014
14 93428
0 15237
4 10027
14 60657
14 05448
1 93105
16 92630
7 55112
12 92821
2 60660
0 90012
4 87801
15 87111
7 05401
7 10069
12 07730
4 55403
0 20004
13 94089
12 98117
4 92647
2 08820
1 85258
15 92649
7 94115
4 92648
4 90069
17 15330
0 76067
4 26505
6 95843
15 91902
15 92111
14 94105
6 02339
4 95616
4 44514
20 87505
14 55391
11 66048
1 94536
15 53704
4 95616
4 78705
12 04106
20 45220
11 45220
0 92704
0 08330
7 11201
20 02062
7 10028
20 55391
17 94107
7 10014
15 92880
7 33486
17 79705
3 20009
16 66208
6 48197
4 44706
7 80013
13 27514-3540
14 94133
6 95695
14 90292
7 27516
6 79410
14 37343
4 78749
18 92123
14 90292
4 91325
10 20876
4 19119
5 19119
2 85719
17 74074
17 06405
5 92649
20 94708
14 60045
6 90640
20 15701-1348
17 20707
14 12561
4 90039
4 90039
20 90292
7 06516
12 78731
19 92557
4 78705
13 30047
13 92308
1 56082
1 95380
4 68516
14 11784
17 48083
14 39180
7 64138
12 91423
19 91790-1161
18 72601
1 47933
7 06854
7 06854
16 29404-2205
0 09142
0 10023
17 93436
4 97214
16 08053
17 44118
16 48097
20 91730
5 92705
4 79912
0 08902
7 18655
7 54016
7 91362
16 94546
4 92054
0 20815
5 92870
0 30533
17 92688
7 18615
1 400060
7 95031
18 64055
1 91790
20 22936
0 92646
4 91790
0 90212
9 04046
13 17033
17 23059
14 08750
16 10025
14 55435
18 14701
4 92833
2 55405
13 55118
16 94709
5 64801
4 89193
16 10803
17 03570
4 48135
1 20037
0 20815
0 96671
10 55305
16 03070
7 91304
9 32212
4 55414
1 94706
1 92646
0 13603
20 02476
4 48135
6 08108
12 60563
7 90069
7 02134
12 15217
5 55414
20 30033
4 14623
14 08742
7 76109
20 30306
5 48342
8 95380
14 92084
7 85214
5 60050
17 14830
4 48127
1 20653
4 02139
18 85213
17 92084
17 75146
7 80129
12 20850
2 14616
3 22305
1 16801
7 48105
7 94501
5 43221
7 84088
6 92111
20 48135
20 90046
14 78267
1 47933
7 94602
1 15208
6 48867
12 27410
12 55113
4 48867
1 48867
0 98503
0 37203
0 78735
17 76116
17 32822
14 94109
12 20878
17 48219
14 33401
20 92009
7 30620
12 94131
3 60640
14 02142
5 78251
11 94117
14 07702
7 07981
0 92122
0 07701
17 54401
20 19083
0 02131
4 76266
4 10012
0 95409
4 73160
15 80301
14 78251
14 45383
14 94306
14 55421
20 94546
17 02176
17 49887
4 80302
6 33156
16 02472
11 10538
14 33133
0 44126
1 10024
7 10019
4 78626
0 59405
4 94122
17 08043
7 30260
4 28403
0 94121
0 98225
4 60611
17 80228
4 60201
0 74136
16 28542
7 77005
17 61350
1 28607
4 94608
5 92867
2 94109
17 28052
3 77006
7 20650
7 30309
7 80503
4 59715
7 02215
15 55455
12 80503
0 02472
4 02151
4 02115
4 02142
0 88004
17 02140
16 01890
12 30318
3 55042
4 42101
12 53713
7 11215
14 11215
0 40515
0 53213
0 97469
7 53404
0 83355
4 02142
2 62263-3004
0 53213
5 41144
1 97361
0 77058
11 55409
14 10028
2 55344
17 68506
18 77630
4 57103
10 97402
0 40504
4 77006
17 57106
3 02494
15 14803
17 60659
4 92507
12 92507
20 41706
16 94108
7 92965
7 60137
5 55447
0 98374
2 02879
16 61600
15 15203
7 55430
17 03038
5 48185
17 66044
4 11364
6 74105
14 63304
6 32812
2 33133
11 02169
18 53572
0 53818
14 54915
0 98503
2 48823
12 19050
4 10044
11 04287
10 48867
6 33314
18 54915
7 68046
0 00231
3 96714
0 32219
3 32219
1 57382
0 52405
9 41075
0 76543
20 60640
20 60640
3 93611
2 90068
0 80010
15 02115
6 96158
2 99701
9 53719
0 02322
0 85024
4 19104
17 55446
1 90210
16 97378
20 94506
3 95405
12 55443
7 78704
10 02879
12 60640
15 02445
17 32506
9 02879
17 48239
6 30064
2 84321
14 29609
0 37205
0 45458
17 76028
0 33759
7 49034
17 22657
16 97116
7 94117
4 33023
1 02446
11 43209
12 60068
10 48439
17 75075
1 85287
7 78731
7 10022
4 77005
4 77005
11 33881
18 60441
1 88001
1 60062
0 06708
6 94127
2 90038
4 78250
7 02370
0 92008
7 98188
17 22302
11 53711
17 97232
20 98106
7 80202
4 85210
0 94115
0 60611
14 98103
12 94608
15 96661
17 94901
7 94121
5 34610
17 95121
7 07090
4 29649
7 15137
12 08852
16 08753
9 17055
1 94043
0 95903
0 68144
10 10706
7 33324
14 60148
14 55123
4 98102
5 08406
2 10003
20 29205
7 06680
12 48109
12 06906
0 06880
4 68108
1 94939
7 29662
1 10706
2 30606
17 83713
5 55100
7 48070
1 62221
6 21202
0 80906
0 63116
7 21030
17 89147
15 94062
12 28227
2 98502
7 19149
15 68516
7 53202
3 30127
14 10021
1 92614
15 53095
12 97402
0 04255
7 30076
12 46725
0 34744
7 30097
12 89502
10 02818
0 32506
17 60042
7 22201
17 92111
5 55428
12 36115
17 94533
17 07728
1 39759
7 43065
15 94065
18 80538
14 53048
6 77083
4 32608
17 92882
7 74401
4 07030
4 20037
1 48911
17 67443
17 60153
4 02777
4 77840
0 10009
1 44242
14 37127
7 01904-1355
11 48070
5 55116
0 96818
0 90266
7 89128
0 60645
9 49442
5 54703
13 89109
4 02026
0 60664
4 94116
12 55555
1 86314
7 42518
7 94612
14 08810
12 53188
7 92612
5 02021
6 54751
0 55128
17 27613
6 11746
2 98502
1 06111
3 34744
1 45458
0 94305
4 86314
15 02446
3 50322
1 14982
17 06074
6 50265
0 52556
12 14619
4 50265
4 23112
0 61832
2 98383
0 46979
11 54401
0 94602
7 97267
1 98027
20 93401
0 94115
0 94703
0 94587
0 94110
17 94618
18 60516
6 68108
4 21093
4 53211
4 91405
14 02021
7 02420
7 48326
0 17844
1 45458
12 36115
0 94520
9 19006
6 06511
1 89031
4 55104
19 32095
7 60010
6 20650
7 20016
15 98103
17 78749
7 80910
15 98102
17 53406
3 90020
3 20122
17 32837
12 36115
17 90804
20 44313
20 98027
7 93711
17 32308
1 06279
1 48105
2 87020
20 92101
1 22307
4 60630
6 84780
7 43214
1 68516
2 02322
7 40515
8 84770
17 28804
14 10033
14 02651
0 02176
18 26101
16 92054
10 32043
4 73071
12 94065
0 33884
7 12801
15 70809-2612
0 14086
3 92278
12 60657
16 60302
14 92614
14 30340
17 20886
20 93449
14 08822
9 63119
0 89145
17 44129
4 12604
17 10025
0 94558
20 29630
10 95864
14 63130
3 45215
12 73112
17 63544
17 95050
4 64468
1 14613
2 94558
7 92103
0 66605
0 11235
1 33705
16 22124
3 83687
7 54942
2 44515
14 55337
16 78411
4 78759
12 92728
7 95008
4 80513
17 02067
6 66203
4 33143
16 90039
20 91505
6 79401
16 02139
0 20723
0 60914
17 92069
11 01772
17 02135
14 55343
14 85282
5 46239
0 02542
10 48445
17 361069
17 54409
14 22201
0 10021
17 19104
20 91505
0 92037
4 19104
17 40207
4 84123
3 71111
4 02134
9 60618
18 30189
0 73702
17 63126
14 95820
4 53211
2 92115
12 90254
12 77042
2 94404
16 67846
0 55812
5 80227
3 52240
5 92117
7 49221
6 48073
0 44512
18 72118
12 01464
2 92020
2 92711-0571
7 91405
20 32708
17 40031
4 49855
7 98074
16 80401
1 96778
12 22207
0 90019
12 61554
0 44266
4 60056
4 60014
1 12449
12 55117
4 32601
0 12831
0 94930-2010
11 40242
7 46112
1 03768
14 55014
1 45230
0 98115
20 30030
16 66502
11 65202
0 30096
2 13603
2 02903
7 12345
2 02903
4 80228
6 23229
7 60614
0 30741
5 43229
0 44107
14 22180
13 78252
9 59072
4 66762
0 97701
13 95929
0 30606
7 75089
16 01880
7 33324
4 01742
14 60647
12 30030
16 17350
7 33309
4 32653
0 22015
7 43081
17 22810
14 32825
17 45255
0 74354
17 30701
7 08876
1 01860
16 20880
13 46143
0 21050
7 12110
7 48038
12 88005
1 92802
7 44039
14 94533
17 85210
4 49503-1313
1 77803
0 48316-5601
3 75605
0 33901
14 17972
20 75214
17 54601
6 77034
20 95236
14 53403
9 32404
5 45011
6 77018
7 68164
7 12533
4 02140
3 21114
7 89128
0 42445
12 56301
6 43551
0 21113
4 45251
1 46530
16 80206
6 11510-2001
16 97401
20 75006
3 48005
15 94002
15 94002
3 95826
13 40511
17 53545
4 30606
1 89431
11 33133
6 60061
14 01604
2 43551
18 36264
3 68122
0 98826
10 28270
6 18249
6 73118
14 80232
18 55412
6 32726
7 60559
1 29070
0 20851
5 48341
0 19010
20 91607
3 89185
15 19406
15 93107
17 33823
6 93111
6 70003
6 78746
16 47901
17 55344
2 22030
15 28226
17 26505
1 48912
12 19403
20 79912
14 92630
13 14215
6 79416
10 55391
4 63376
3 77057
7 79416
6 77379
17 55410
0 19063
4 70806
17 49017
0 10013
15 60004
7 63366
7 53150
17 94954
6 77096
4 23233
10 48655
16 11211
16 42141
7 34243
16 95437
0 23221
17 77536
3 97202
7 41722
15 32603
18 47129
17 58503
14 48187
15 99353
7 07040
4 43551
3 91221
1 39401
16 71118
7 08876
19 82070
4 46807
18 62330-1408
2 13676
17 53188
17 16803
6 60025
11 12144
6 48439
7 97720
17 80112
4 77009
12 85283
10 46321
16 60056
7 91941
7 91423
14 40207
0 32112
17 95014
7 01040
5 60441
4 02451
1 78681
17 44301
7 02889
7 55021
1 32792
0 29672
20 43201
14 74114
17 16801
1 29440
17 85712
20 95123
18 97321
10 90039
9 01450
20 10027
0 90404
14 23221
7 08901
1 50677
14 94114
7 75240
20 22032
6 37766
0 66048
7 53713
16 79705
7 19901
11 29063
3 20110
0 66204
7 19008
17 90680
16 08033
20 94949
13 13502
7 33177
18 80903
1 91730
7 32114
14 90274
7 33308
20 63026
7 74137
14 91364
17 89108
15 55446
17 77521
13 93907
4 60637
13 95050
14 14221
1 18042
4 80631
9 32712
7 10543
0 65550
7 21234
18 58270
7 06905
15 87801
1 22947
1 90731
0 90403
0 37363
17 85710
5 77662
18 56716
7 63125
0 20121
7 77006
17 01752
4 18042
17 23233
17 95125
0 97225
4 53818
17 55976
17 60148
1 48198
3 48197
6 76021
19 11414-2520
18 20706
17 94010
13 34235
18 20706
20 75287
4 37917
3 48130
2 90029
3 07960
14 77450
16 44691
7 52402
17 55330
7 11767
7 78704
7 32137
17 48146
12 44286
7 48034
4 82601
4 26508
17 65203
0 33313
7 60139
3 28262
11 03301
17 38654
12 13041
2 78945
16 38122
17 19711
17 45380
16 59079
6 07950
6 06512
7 40205
1 60102
12 03060
13 78681
7 02171
20 04046
18 27603
7 13211
7 83405
17 37923
13 30030
1 04258
16 14468
0 96821
16 98133
7 09094
16 43215
17 27587
13 92120
0 15801
9 98632
7 40601
0 62704
17 11554
7 35244
9 46580
14 32068
17 98661
14 98125
0 98178
9 55391
10 75633
18 90605
6 33030
15 55391
14 85705
2 43617
4 98125
11 38135
1 45385
2 91910
0 46250
17 27616
7 67301
0 94122
0 33702
0 36301
4 57006
13 68502
18 78757
7 07067
17 79925
4 44266
6 75080
14 60202
5 02891
7 44125
5 89114
7 80525
6 75605
4 82072
5 60010
0 30082
13 94931
17 37221
3 75650
14 78232
6 85719
6 45011
3 60606
2 33134
1 70458
0 74011
0 40241
20 76135
5 46222
2 78748
17 76021
17 33433
0 66614
12 75007
1 44240
14 44304
17 45701
20 77304
0 30189
2 95843
2 29118
12 37919
4 11010
7 11215
14 78611
14 08028
16 85730
9 83616
17 04457
4 33168
9 98001
15 83616
17 85016
14 91602
18 98001
16 46350
15 02215
0 52057
17 22043
7 30306
16 07701
4 63109
17 75010
12 32920
4 43201
5 40241
5 27203
0 32444
17 06040
4 27278
1 37153
4 65804
18 14620
4 93940
0 43623
4 93940
5 74055
4 63109
3 75074
4 48072
0 11201
4 43402
4 43402
4 43402
4 43402
6 43402
1 44221
4 43402
4 43612
4 43403
4 43402
4 10027
14 43614
15 90066
1 57106
14 98103
16 80013
4 02143
2 19033
14 65023
19 40475
4 92122
4 16802
13 37130
4 40504
0 02215
4 02134
15 02135
0 02139
12 15801
15 92557
0 90024
5 10463
4 52241
7 94109
7 98607
17 93401
0 51104
14 46940
5 85705
0 94403
14 80401
12 21045
0 43081
7 60201
7 76904
12 19067
5 47129
0 11947
6 37664
1 81005
4 98105
15 94303
2 91321
12 80126
3 19806
18 60435
5 32953
14 06880
12 27513
15 60611
14 30101
7 78666
0 95667
20 111225
7 27511
2 49770
14 95492
4 15701-2017
1 28027
14 70005
20 81101
0 60156
7 07405
1 62052
4 02148
11 10022
6 15333
7 75601
12 92037
12 15089
6 94108
16 14424
1 94121
7 28805
4 10020
1 50588
7 98908
12 02138
13 33015
0 94403
18 26104
1 94044
6 72703
17 94613
4 64112
8 98674
7 01850
7 72703
4 78613
5 70123
4 52405
13 45322-3132
10 10025
0 33460
4 22906
2 06513
0 29678
7 76054
6 62702
7 76054
17 94118
0 01379
1 85374
0 65775
7 39648
16 29464
4 61820
20 15701
7 38261
7 92503
7 62234
1 16508
0 61704
3 48604
13 29449
4 53142
1 48067
0 80903
7 38135
4 45810
12 15202
1 81004
2 55304
2 55113
14 10021
20 10012
0 38111
14 27605
6 84102
1 92103
4 85701
7 10025
12 53045
4 72202
19 17517
12 53715
1 01379
12 0956456
19 01054
14 94301
10 55427
0 94610
2 11105
1 53705
16 47274
7 49686
12 02115
2 27514
10 99016
16 24541
12 60622
0 22306
16 48237
9 48306
9 73008
16 55011
14 02134
14 48217
7 05346
0 69301
9 84037
10 94133
6 22903
12 19107
14 94085
17 19473
4 98105
4 90034
0 21532
17 60185
7 21013
10 17036
16 11963
4 60614
10 03608
7 48237
7 48306
0 02134
4 63332
13 97113
1 19103
0 55408
1 48371
0 11372
7 30324
4 01604
14 07920
4 48042
17 02139
20 55104
15 02143
4 66044
1 43202
16 55303
18 97034
4 94611
4 22207
3 48237
0 04287
0 46240
14 55415
7 10021
2 33619
15 10461
15 92656
10 90291
0 27403
0 02144
4 53951
4 53951
4 78705
4 94702
12 41042
1 10469
17 61615
20 11717
6 55433
14 97202
1 97225
17 94606
4 94305
12 55433
16 22207
12 84062
7 92691
14 97219
1 45224
6 23225
4 94309
4 94610
4 94111
0 98040
0 48302
20 98119
4 94703
2 10010
9 48302
4 55417
11 20895
4 55417
7 20016
0 44691
0 98115
1 19481
6 48094
6 90405
20 80222
4 73071
13 10025
7 30041
0 10036
7 94115
12 95051
20 94574
1 92037
17 94041
14 55416
4 99163
14 37076
4 06074
15 85255
4 84109
4 92037
7 77006
2 03431
1 53704
14 94117
14 74012
7 19004
5 91343
12 94043
13 94306
16 94705
7 08318
4 27514
14 46038
6 05055
2 90292
13 76051
0 04473
15 06119
7 05346
0 22101
0 04473
1 55454
1 50201
14 01746
9 44310
12 02215
10 79605
17 55419
7 78703
1 60626
7 40505
18 56002
12 10027
10 79605
6 55417
0 91765
4 48109
17 18036
11 13031
7 02035
20 02601
0 75115
14 68502
0 92804
0 60647
0 06804
16 24450
17 32250
17 03824
17 90245
1 55405
2 97205
16 02465
17 48310
7 03885
9 02816
2 90035
11 95405
12 55122
7 90014-1718
6 01852
5 96707-1321
16 95828
0 98801
19 31401
16 55347
11 04102
17 98033
14 24450
18 52301
1 93105
3 50312
20 91505
16 19003
1 23608
3 32580
3 38134
7 15203
3 94118
13 63122
15 12740
4 06268
1 19087-3622
4 26201
16 60302
0 23462
0 91107
15 02474
4 94121
1 03825
0 91107
7 93060
16 55901
17 23451
13 03261
0 04259
17 06110
15 21042
14 94110
11 04259
10 03608
16 03301
16 10014
9 03769
4 22030
1 02571
7 10012
4 04101
17 03801
1 22314
14 07458
17 23462
3 46227
2 46142
0 46227
3 04011
12 94114
6 04086
1 78212
0 60618
6 48105
14 55104
6 22630
11 94610
7 85331
2 55104
2 94133
4 55116
7 94123
6 48108
0 46142
16 10962
7 98103
17 84067
1 19335
4 02809
4 80521
4 30349
1 40601
16 45750
1 44107
1 45750
17 90031
2 04101
0 96707-1321
4 20902
12 80526
1 01773
14 25301
9 46077
14 80526
18 04849
6 04240
1 20912
17 91007
18 17350
11 04210
19 75080
0 01545
4 46219
7 55411
17 94602
12 55436
0 13045
20 60194
0 20008
10 55317
1 04210
14 17857
16 81321
9 03862
20 14450
16 04074
5 46254
1 48309
6 95014
6 63135
12 94114
1 23062
1 04032
7 03840
1 55413
2 90066
12 94131
6 54971
4 44515
3 44555
17 44406
0 42025
7 55346
13 03851
12 90034
7 94110
14 23434
1 04086
14 50401
2 60640
4 04309
0 94086
9 84037
20 63132
14 02130
12 04085
16 04101
17 03820
6 04578
3 04108
12 04096
1 03909
11 13760
4 70808
0 97403
17 98201
4 94703
4 94070
3 60626
9 95030
16 55406
11 03301
10 02906
14 90266
1 23513
17 92509
2 19072
0 08055
4 63108
1 79928
17 94132
12 55405
17 48092
7 14607
3 52001
6 84103
16 16844
1 27713
12 94402
20 33626
7 11228
14 84057
12 95952
15 63121
1 60417
17 49506
7 55082
15 85282
12 94014
12 84041
0 55421
20 98115
1 970025
1 02453
12 91423
20 85054
0 27312
12 84107
0 84058
1 02144
15 92507
17 98121
18 99826
0 99801
6 55401
10 55616
0 97520
3 92103
1 63105
17 63033
17 90031
7 63303
15 94040
0 55108
17 62958
4 63144
0 02108
4 55406
7 63105
11 94102
20 44281
12 40515
0 55401
17 14568
0 62234
1 91106
17 90035
2 94618
4 55104
16 55421
17 90291
14 48067
12 55082
0 92679
13 55804
15 77007
2 48197
7 55403
17 23454
1 55116
7 46220
6 55439
17 94931
0 94110
10 63123-1507
14 55407
4 94708
20 95404
19 94111
12 94526
7 94086
0 95118
2 949702
20 94131
0 90065
11 65775
4 92507
14 68108
2 55423
1 55403
1 55406
12 63043
16 55116
0 55405
0 29063
12 55401
8 90210
17 55105
0 55121
4 55407
14 91791
2 55106
17 54022
17 56001
20 55419
7 94550
10 90210
4 48433
13 92407
4 46254
2 63119
17 90505
12 49508
1 90402
16 92807
3 48827
4 91030
20 60615
16 65441
15 63119
4 64154
15 48103
4 26241
0 92626
6 92672
1 89447
12 91104
12 90290
7 10025
13 90241
6 90504
7 91001
20 91505
1 14618
20 60615
17 92584
14 05345
12 92404
4 70115
1 70006
4 89431
17 02139
13 60506
15 62901
17 19810
7 14850
12 11375
20 10010
4 97068
12 44312
6 60031
2 55408
6 92145
6 23507
0 43081
16 60614
6 23452
7 30350
12 60613
4 11024
7 11771
16 02536
4 84111
2 20818
16 97330
1 16673
7 84093
17 84121
16 22652
17 84109-2001
19 05070
16 65401
10 22801
4 43215
14 28715
1 23603
13 97520
7 19004
0 95062
2 55344
7 75093
17 97330
2 93950
0 20132
6 97470
3 19147
2 20037
7 19067
4 70003
12 95472
4 19102
1 23185
4 16803
4 10013
17 75225
1 23462
6 19102
17 38111
16 77027
19 75069
17 19810
14 18954
7 19047
10 67206
1 23508
11 75206
16 19131
7 19380
0 02780
6 193122042
0 90069
12 90240
16 78222
20 19108
7 18977
1 19348
0 08081
9 93940
6 19802
15 78250
2 78006
13 89128
0 55408
10 22932
12 02143
6 95521
0 70118
10 95123
0 10011
7 80302
7 91608
0 20009
12 34761
2 20818
0 10016
11 02453
5 98502
7 94709
17 40515
1 33149
1 77707
7 77565
11 10028
17 95014
7 64055
12 91106
18 65265
17 35205
16 12866
6 35205
17 55423
1 92101
4 44502
0 66762
7 77565-2332
1 04240
0 48314
20 98101
1 10012
3 98034
19 30662
4 44406
7 60046
16 20007
16 33301
14 10024
1 74012
4 44509
7 37027
4 90066
4 30052
17 94043
6 53216
17 91107
6 91103
6 42420
15 06114
7 01720
4 53562
4 63141
17 92009
11 05602
10 60423
1 45208
9 33445
10 60423
14 30005
0 45420
12 94110
11 85044
7 19003
7 55441
20 45202
20 67212
4 44485
12 96555
16 06510
9 44406
7 80304
0 85024
4 55455
7 80303
12 14619
7 55409
7 80304
7 20814
3 75001
4 55118
1 35243
15 43065
7 95376
4 02871
6 01545
13 56342
1 02908
7 91302
0 98102
4 55455
1 46077
17 60618
1 40214
2 90025
0 31211
9 07452
6 91941
2 81291
17 01060
0 89129
4 94706
7 91436
1 96734
12 94501
10 11361
1 10016
4 55120
0 98122
10 64050
0 75070
0 60173
12 91104
7 92506
4 14607
5 97213
0 60657
4 14607
14 46268
7 55441
16 07462
7 07043
0 94104
4 02138
1 14608
10 54220
4 01095
1 27615
0 64030
10 01915
14 22206
14 75006
6 01545
17 97330
20 60622
13 02838
4 32606
10 55305
16 30269
2 10019
4 58369
6 94404
7 78705
12 10025
14 46220
7 40601
4 15217
1 97405
1 42718
7 20191
2 68502
0 37211
12 87571
0 94110
7 90210
20 91030
0 60611
17 60611
4 91740
20 91740
7 55122
14 55418
4 12604
2 90210
4 63146
2 63138
16 55426
4 55410
16 97068
8 85203
13 94114
2 94102
4 60613
1 44406
0 97401
12 95030
2 60626
7 55124
0 27245
12 19067
17 55126
2 43202
20 94111
17 00693
10 02332
6 45504
9 55410
4 95602
17 92121
5 85281
7 27410
0 02478
1 60605
0 62025-8000
1 10463
0 55406
0 94107
12 22903
4 55104
0 02138
17 98122
17 94941
5 43201
4 02457
17 97330
20 94122
7 02150
7 86001
2 55408
7 55408
4 91740
5 91773
0 19143
14 06880
4 30332
7 02332
13 46140
14 75093
7 75041
3 02725-1010
17 27609
17 60193
3 95032
3 85018
7 22039
9 60201
1 98177
17 80003
3 97330
6 53705
5 55414
2 97424
5 55344
1 85259
5 55306
6 77030
3 78759
0 78232
0 78703
20 60123
7 10625
16 27705
12 43650
16 92026
13 63130
13 30673
3 55408
12 90250
12 90045
4 55344
17 20120
15 02139
12 98074
11 55408
4 10549
12 55112
7 38018
0 02131
17 94538
3 10017
18 10463
7 84095
4 01125
14 10009
4 07461
1 55430
3 94117
12 85226
14 60045
1 45056
4 10580
7 01905
0 78130
7 10016
1 98112
7 10471
0 60618
1 13224
6 89118
0 60451
17 71301
1 12553
4 30010
1 20003
0 30102
10 59801
0 30068
7 12866
0 49504
17 30096
20 11230-1710
1 60091
2 21212
19 14850
12 97330
1 59801
10 07652
7 03862
5 01801
17 19030
0 53589
12 05055
19 14850
17 22030
7 94114
5 60714
2 80012
4 53211
14 95821
19 11201
6 28412
1 02460
1 26505
1 19026
13 01742
17 45014
7 60618
18 02557
4 90024
11 55426
14 60048
13 19119
2 37923
7 95762
7 63110
12 01915
4 55449
0 43223
1 65203
2 60626
19 60626
12 01702
12 02143
1 98115
6 10011
4 30305
7 10001
17 55449
1 32312
12 55405
2 98102
10 99016
4 02143
0 94025
17 89103
0 53202
7 77079
0 10019
12 98033
0 63366
12 94618
12 20171
7 20003-2712
7 10016
1 27909
1 20120-6354
12 20009
4 94110
0 20037
1 55343
7 02766
1 50014
14 07030
12 55449
7 10014
6 15202
17 21742
4 08544
0 17821
17 95136
15 91125
7 94104
17 80907
7 10016
4 55104
12 96797
17 94306
4 95076
7 90069
4 60201
1 62901
19 60201
20 14850
2 33334
2 66044
9 55409
7 85287-2702
4 02141
14 60610
7 44325
20 94519
0 11215
4 191004
1 92407
17 01701
1 91768
10 76501
4 16101
16 98257
0 80210
17 78666
15 33167
1 18901
6 02118
14 02460
0 60187
10 26505
10 55311
2 27514
1 70803
1 45840
6 05273
4 63141
17 09056
17 27408
2 10025
16 30102
15 94538
16 67204
1 10543
12 55102
20 91403
1 19149
7 93924
7 11576
17 97401
15 08876
16 98072
14 26301
4 10025
4 02138
9 76034
15 48187
20 98103
7 23233
3 29425
1 92116
10 37830
6 92103
14 33701
10 02446
1 77706
17 98036
3 74075
1 54650
7 11753
20 02446
17 02114
7 20901
3 78704
4 49841
1 07666
1 07666
9 07307
4 63119
1 14619
0 20878
7 19808
4 55369
1 12970
1 02109
7 07039
7 01581
0 10016
1 50011
15 37830
0 10016
4 10016
20 94107
17 22041
20 60640
0 04101
12 94117
0 10009
1 53706
16 90210
0 55419
20 90027
12 22201
4 95008
4 27607
7 90020
0 12833-2000
1 98225
0 97212
7 02461
15 63117
2 95008
14 21046
4 11209
3 78722
1 30602
1 54880
7 04015
1 02148
0 98622
0 12833
7 07028
1 08840
14 48336
4 92612
4 22310
14 55330
7 02135
15 01775
11 84109
7 19380
1 01760
16 32043
0 07040
4 90024
14 02465
17 06854
12 01944
4 78628
1 98262
14 55406
9 06854
7 98102
10 11102
1 32601
4 62025
17 78765
17 48473
10 73013
1 84108
4 92833
2 87123
4 96744
1 62522
17 48473
4 90025
12 91104
6 74105
0 47901
1 74105
4 95616
6 77054
15 03755
14 92026
0 32043
0 20874
2 78722
15 03255
10 07960
20 75093
4 48363
4 10461-1301
16 11209
7 10009
3 41030
1 90024
4 48109
1 02146
4 43212
1 55417
7 94306
14 30030
20 78746
1 13210
17 98103
2 33020
20 94117
7 92122
0 23455-4959
9 94538
16 94110
17 94117
16 60610
0 55403
4 78666
0 84119
4 78666
14 66013
7 29615
4 90034
12 90640
3 21221
14 97367
0 95826
14 55418
15 94706
14 55426
7 55311
0 90034
1 14068
4 90024
4 90024
17 08550
12 01060
1 90034
4 90024
15 90034
7 47714
1 90024
7 91362
2 96753
4 90024
10 03756
0 03766
14 38018
7 21773
0 60610
11 90046
20 48103
12 55057
15 94102
2 10018
1 77845
4 92843
20 09824
10 99016
0 94111
11 10022
11 02111
4 48109
14 10022
6 19342
1 08904
15 93555
12 55406
7 90212
1 60613
13 60622
12 20850
0 55442
4 66044
4 90024
15 94061
0 03755
0 92155
2 94117
1 04101
0 14167
0 14850
17 78758
1 60640
2 78744
10 98110
10 05667
1 29642
1 08904
12 10549
20 90048
6 55125
1 08904
12 77098
11 44515
14 96744
2 75287
7 20852
14 05602
0 80231
7 95616
7 16365
6 89123
4 94118
11 10024
12 97205
0 05667
12 85257
5 10011
17 92886
2 11106
0 55459
1 92106
10 56137
7 60607
6 53211
20 90802
0 92646
17 91107
0 55303
4 44074
17 43201
2 91602
17 53703
1 92688
7 10003
7 78757
0 80027
5 80916
18 90804
16 04103
0 98105
10 01597
7 94306
0 90802
1 08826
7 01940
7 37206
7 37206
16 95070
4 60202
7 92120
7 94117
0 91403
20 90048
0 70119
17 33028
4 92821
6 70808
0 43615
15 02139
4 78212
12 02144
12 18052
4 43201
4 60201
2 55118
17 90048
4 78223
4 78209
1 92120
0 78240
0 78253
16 92106
0 55406
0 91604
7 60607
7 02038
1 27106
0 44260
7 10024
4 43201
1 83301
10 02131
3 79411
16 78204
4 02464
20 20009
17 97124
7 78230
20 55410
1 94044
19 13903
7 33135
7 19462
7 78232
2 43229
4 01002
7 89117
4 91428
1 98499
9 76120
14 89511
1 28043
17 95926
6 06114
3 91306
14 85331
7 19103
14 98109
4 01002
17 61265
12 10021
4 01002
4 19103
7 30066
12 02138
0 60640
7 02135
1 08904
17 30303
7 60510
0 02138
4 20057
1 96930
20 02139
20 61821
20 64114
20 06033
20 77008
4 55404
2 10920
7 02139
0 70748
1 43026
0 60657
20 02152
0 02143
17 30024
7 60628
7 92075
16 77079
11 06851
12 954025
20 78006
4 19803
2 11217
4 19711
20 91330
20 10033
17 80301
1 77064
0 47901
2 91344
4 58102
20 48230
1 94550
12 55105
0 47933
1 05401
6 15146
3 94561
7 05401
0 55417
0 90035-4444
7 65712
14 10003
1 14760
0 33607
17 78681
7 94111
14 90038
2 98227
14 77075
0 35115
4 37130
12 60622
1 35401
15 77040
12 03062
0 60640
1 01867
1 19806
10 27606
2 35229
1 55406
16 97215
13 12124
17 47901
4 19713
4 77005
1 78231
10 21030
11 70802
7 34952
4 02142
20 02038
14 94301
4 14850
0 70460
0 78757
7 80221
15 02140
5 97202
17 77449
9 10021
16 73069-5429
7 98103
13 77706
11 55438
7 49504
20 55428
10 54701
1 32303
14 55104
1 26542
1 90012
1 49307
1 43214
1 42503
7 01776
1 56082
3 29208
1 60657
4 78705-5221
1 01060
16 10003
15 94022
10 74114
20 90046
20 94025
4 21046
20 50010
1 32501
1 14618
0 87114
7 10016
4 61820
1 55455
17 30075
7 94117
0 43231
17 78722
15 28401
5 28401
0 01036
17 80537
4 78705
12 60540
0 79606
15 80538
15 02871
20 32301
1 80634
9 80013
1 37209
7 21117
1 48906
0 10024
16 10023
12 08876
17 57006
0 43213
12 53705
1 32607
6 11210
4 20742
4 94133
1 23185
17 32618
0 45123
7 55108
13 78232
14 94117
1 78734
15 32603
1 76006
1 14706
0 01060
6 11106
